0.009202025
-0.01578705
-0.05124051
-0.02662423
0.0230851
0.02281012
0.005488647
0.003973481
-0.005062568
-0.01215619
-0.0077037
0.001220407
0.01480369
0.008234554
-0.0173689
-0.005400473
0.02283337
0.0006716482
-0.01751157
0.007907607
0.01435516
-0.00744356
-0.00689928
0.001822461
-0.02555146
-0.04206785
-0.01033543
-0.00135728
-0.03552341
-0.02917775
0.02628395
0.03256745
-0.004660163
0.0148135
0.03234374
-0.01455527
-0.02590333
0.007318468
0.00849742
-0.006484137
-0.01349165
-0.02130711
-0.01218774
0.01319497
0.01329072
-0.004450944
0.008317869
0.02139294
0.005551021
0.002596219
0.01552636
-0.006332089
-0.03685764
-0.01345888
0.01971151
0.002577332
-0.004482406
0.01739896
-0.004559033
-0.01846084
0.02607704
0.03201576
-0.01557196
-0.01963054
0.03250078
0.04696557
-0.002709015
-0.03390312
-0.0150106
0.003152934
0.003835335
0.0005985823
-0.001031854
5.204742e-05
-0.004972075
0.007714717
0.02300023
-0.006010552
-0.0289613
0.0009092838
0.02781642
0.001670547
-0.02074525
0.007741481
0.02515605
-0.008668782
-0.03277345
-0.009304735
0.01716568
0.005077687
-0.0120945
0.003019479
0.003535923
-0.02186285
-0.007449471
0.0136851
-0.01208148
-0.01593452
0.02268751
0.01712006
-0.02030934
-0.006137619
0.02319278
-5.995118e-05
-0.01465613
0.01159242
0.01395499
-0.004624926
-0.01605829
-0.02351829
-0.00981351
-0.002131009
-0.02562545
-0.02418908
0.008619828
0.01688084
0.0006002066
0.002530696
0.01784602
0.001513725
-0.01988824
-0.003747802
0.00754911
-0.006104897
-0.003139541
0.01308199
0.01410782
0.001629184
-0.01029822
-0.004861153
0.006675821
-0.008824868
-0.03230781
-0.008236244
0.01950718
-0.01439142
-0.03341729
0.002688929
0.01442242
-0.002980025
0.0006155153
0.01501409
0.01659908
0.008179157
0.006168663
0.0009334186
-0.01179491
0.002367814
0.02418262
0.003963743
-0.02704074
-0.007708116
0.042981
0.0455083
-0.007346869
-0.02149423
0.02585302
0.01978335
-0.02808684
0.006605111
0.0580551
0.005978838
-0.04076286
0.006345211
0.02625613
-0.02133627
-0.02788691
0.005925781
-0.006382442
-0.02312931
0.01156879
0.0253431
-0.01361904
-0.021333
0.02044109
0.02143398
-0.02809411
-0.05105725
-0.02166786
0.01749183
0.01698331
-0.0004116697
0.00268519
-0.0002324394
-0.01533988
0.004481123
0.04251147
0.02340928
-0.02032312
-0.004304357
0.02534756
-0.001632367
-0.02087609
0.009631933
0.00912002
-0.03557261
-0.02425837
0.02059899
0.005280605
-0.02866712
-0.01309013
0.01689703
0.01097898
-0.01707278
-0.01532029
0.01221384
0.01326302
-0.002346768
0.01695328
0.03455673
0.007513407
-0.007933857
0.01236109
0.01502355
-0.007567615
-0.01089292
0.01108369
0.01556226
-0.002947547
0.003058552
0.01777779
-0.01404518
-0.04351531
-0.02163834
-0.005108959
-0.01181215
-0.0118359
-0.01018547
-0.006037976
-0.001732219
-0.00929655
-0.01013964
0.001811622
0.005819989
0.00266506
0.006787106
0.01168033
0.005269136
0.008502525
0.008055688
-0.01026959
-0.01106638
0.001865927
0.003259987
-0.006060044
-0.01056596
0.009164385
0.02406448
-0.002005908
-0.02587933
0.00297777
0.03882438
0.009579789
-0.02453123
0.007397611
0.02545391
-0.0132563
-0.03841509
-0.01089973
0.02000747
0.001831092
-0.01139389
0.01766941
0.01185047
-0.01926455
-0.002152994
0.02547464
0.01197843
-0.007021137
0.007583812
0.01631913
-0.01387445
-0.023773
0.01223083
0.02331899
-0.0126734
-0.02062164
0.01875917
0.02126929
-0.01027068
0.007629894
0.01844159
-0.01898607
-0.02986966
-0.003908548
-0.004977257
-0.03901459
-0.03778902
0.009129485
0.01435961
-0.01646054
0.004943605
0.04101477
0.02535117
0.001402367
0.0008229178
-0.006800276
-0.01443172
-0.01148135
-0.02142635
-0.01773665
0.01603981
0.02352976
-0.004375929
-0.00360556
0.02347755
0.0281929
0.007741342
-0.01127921
-0.01191562
-0.007908209
-0.005626614
-0.002520847
-0.02412949
-0.06555187
-0.04560655
0.08944832
0.1630418
0.01141102
-0.08242252
0.02388273
0.02159328
-0.07960888
-0.04266197
0.02203023
-0.03884578
-0.07848143
-0.008920522
0.01580514
-0.02905116
-0.01728417
0.0301823
0.0152946
-0.02405364
0.004891563
0.05131639
0.01358565
-0.02682526
0.01717309
0.04626054
-0.002681847
-0.02972774
0.03098946
0.05811813
0.005882166
0.01996218
0.07458388
-0.01254242
-0.1195922
-0.03640907
0.05821299
-0.008770678
-0.06174593
0.002343244
0.03184473
-0.0112956
0.002580757
0.05151115
0.02366133
-0.02699515
-0.02044424
-0.01407154
-0.0244044
-0.00405322
0.01029653
-0.01607009
-0.01784924
0.01702396
0.02153485
-0.004245493
-0.009499413
-0.002698389
-0.013301
-0.01922132
-0.009293599
-0.0102381
-0.01260255
-0.00463603
-0.008077564
-0.007924139
0.01204632
0.02202102
0.01920548
0.01394308
0.0009868893
0.004757335
0.02135217
0.002313095
-0.02102171
0.003402791
0.01855724
-0.01320797
-0.01583824
0.01469363
0.008562681
-0.004595498
0.006138276
0.004402522
-0.004426166
0.006186982
0.007522307
-0.01758602
-0.01595378
0.01782989
0.01355893
-0.02472
-0.02376946
0.01008975
0.0215248
0.004212219
-0.00668344
-0.001616004
-0.008017736
-0.01899319
-0.01406601
-0.005461191
-0.01332085
-0.02384802
-0.0002472774
0.01841671
-0.004271693
-0.006396212
0.01761999
0.001050684
-0.02315515
0.00275898
0.02216625
-0.004090011
-0.006810349
0.0142896
-0.006637171
-0.02536109
0.005233028
0.02400341
0.004989719
-0.01289709
-0.006761279
0.006299769
-0.002791755
-0.02074987
-0.01250641
0.009231118
0.009408816
0.002576616
0.0152828
0.01982122
-0.005296046
-0.01308354
0.01615378
0.01243035
-0.02535068
-0.016087
0.01726673
0.01253658
0.005819633
0.01275831
-0.008442642
-0.02644083
-0.00157971
0.0161971
-0.001374236
-0.01311496
-0.00909208
-0.002979517
0.007607357
0.008011233
-0.002678785
-0.003251108
-0.002087558
-0.01604325
-0.02235766
-0.01086764
-0.003512837
-0.0005501779
0.005536738
-0.0003179728
-0.01740705
-0.01116496
0.01148347
0.01100815
0.002932851
0.01670434
0.02796505
0.007545114
-0.01897047
-0.007548539
0.01583065
0.005723995
-0.001303762
0.01683715
0.01088551
-0.01206181
-0.003917722
0.01010341
-0.004290645
-0.01152863
-0.001062215
-0.01064485
-0.01926714
-0.006288409
0.009202025
-0.01578705
-0.05124051
-0.02662423
0.0230851
0.02281012
0.005488647
0.003973481
-0.005062568
-0.01215619
-0.0077037
0.001220407
0.01480369
0.008234554
-0.0173689
-0.005400473
0.02283337
0.0006716482
-0.01751157
0.007907607
0.01435516
-0.00744356
-0.00689928
0.001822461
-0.02555146
-0.04206785
-0.01033543
-0.00135728
-0.03552341
-0.02917775
0.02628395
0.03256745
-0.004660163
0.0148135
0.03234374
-0.01455527
-0.02590333
0.007318468
0.00849742
-0.006484137
-0.01349165
-0.02130711
-0.01218774
0.01319497
0.01329072
-0.004450944
0.008317869
0.02139294
0.005551021
0.002596219
0.01552636
-0.006332089
-0.03685764
-0.01345888
0.01971151
0.002577332
-0.004482406
0.01739896
-0.004559033
-0.01846084
0.02607704
0.03201576
-0.01557196
-0.01963054
0.03250078
0.04696557
-0.002709015
-0.03390312
-0.0150106
0.003152934
0.003835335
0.0005985823
-0.001031854
5.204742e-05
-0.004972075
0.007714717
0.02300023
-0.006010552
-0.0289613
0.0009092838
0.02781642
0.001670547
-0.02074525
0.007741481
0.02515605
-0.008668782
-0.03277345
-0.009304735
0.01716568
0.005077687
-0.0120945
0.003019479
0.003535923
-0.02186285
-0.007449471
0.0136851
-0.01208148
-0.01593452
0.02268751
0.01712006
-0.02030934
-0.006137619
0.02319278
-5.995118e-05
-0.01465613
0.01159242
0.01395499
-0.004624926
-0.01605829
-0.02351829
-0.00981351
-0.002131009
-0.02562545
-0.02418908
0.008619828
0.01688084
0.0006002066
0.002530696
0.01784602
0.001513725
-0.01988824
-0.003747802
0.00754911
-0.006104897
-0.003139541
0.01308199
0.01410782
0.001629184
-0.01029822
-0.004861153
0.006675821
-0.008824868
-0.03230781
-0.008236244
0.01950718
-0.01439142
-0.03341729
0.002688929
0.01442242
-0.002980025
0.0006155153
0.01501409
0.01659908
0.008179157
0.006168663
0.0009334186
-0.01179491
0.002367814
0.02418262
0.003963743
-0.02704074
-0.007708116
0.042981
0.0455083
-0.007346869
-0.02149423
0.02585302
0.01978335
-0.02808684
0.006605111
0.0580551
0.005978838
-0.04076286
0.006345211
0.02625613
-0.02133627
-0.02788691
0.005925781
-0.006382442
-0.02312931
0.01156879
0.0253431
-0.01361904
-0.021333
0.02044109
0.02143398
-0.02809411
-0.05105725
-0.02166786
0.01749183
0.01698331
-0.0004116697
0.00268519
-0.0002324394
-0.01533988
0.004481123
0.04251147
0.02340928
-0.02032312
-0.004304357
0.02534756
-0.001632367
-0.02087609
0.009631933
0.00912002
-0.03557261
-0.02425837
0.02059899
0.005280605
-0.02866712
-0.01309013
0.01689703
0.01097898
-0.01707278
-0.01532029
0.01221384
0.01326302
-0.002346768
0.01695328
0.03455673
0.007513407
-0.007933857
0.01236109
0.01502355
-0.007567615
-0.01089292
0.01108369
0.01556226
-0.002947547
0.003058552
0.01777779
-0.01404518
-0.04351531
-0.02163834
-0.005108959
-0.01181215
-0.0118359
-0.01018547
-0.006037976
-0.001732219
-0.00929655
-0.01013964
0.001811622
0.005819989
0.00266506
0.006787106
0.01168033
0.005269136
0.008502525
0.008055688
-0.01026959
-0.01106638
0.001865927
0.003259987
-0.006060044
-0.01056596
0.009164385
0.02406448
-0.002005908
-0.02587933
0.00297777
0.03882438
0.009579789
-0.02453123
0.007397611
0.02545391
-0.0132563
-0.03841509
-0.01089973
0.02000747
0.001831092
-0.01139389
0.01766941
0.01185047
-0.01926455
-0.002152994
0.02547464
0.01197843
-0.007021137
0.007583812
0.01631913
-0.01387445
-0.023773
0.01223083
0.02331899
-0.0126734
-0.02062164
0.01875917
0.02126929
-0.01027068
0.007629894
0.01844159
-0.01898607
-0.02986966
-0.003908548
-0.004977257
-0.03901459
-0.03778902
0.009129485
0.01435961
-0.01646054
0.004943605
0.04101477
0.02535117
0.001402367
0.0008229178
-0.006800276
-0.01443172
-0.01148135
-0.02142635
-0.01773665
0.01603981
0.02352976
-0.004375929
-0.00360556
0.02347755
0.0281929
0.007741342
-0.01127921
-0.01191562
-0.007908209
-0.005626614
-0.002520847
-0.02412949
-0.06555187
-0.04560655
0.08944832
0.1630418
0.01141102
-0.08242252
0.02388273
0.02159328
-0.07960888
-0.04266197
0.02203023
-0.03884578
-0.07848143
-0.008920522
0.01580514
-0.02905116
-0.01728417
0.0301823
0.0152946
-0.02405364
0.004891563
0.05131639
0.01358565
-0.02682526
0.01717309
0.04626054
-0.002681847
-0.02972774
0.03098946
0.05811813
0.005882166
0.01996218
0.07458388
-0.01254242
-0.1195922
-0.03640907
0.05821299
-0.008770678
-0.06174593
0.002343244
0.03184473
-0.0112956
0.002580757
0.05151115
0.02366133
-0.02699515
-0.02044424
-0.01407154
-0.0244044
-0.00405322
0.01029653
-0.01607009
-0.01784924
0.01702396
0.02153485
-0.004245493
-0.009499413
-0.002698389
-0.013301
-0.01922132
-0.009293599
-0.0102381
-0.01260255
-0.00463603
-0.008077564
-0.007924139
0.01204632
0.02202102
0.01920548
0.01394308
0.0009868893
0.004757335
0.02135217
0.002313095
-0.02102171
0.003402791
0.01855724
-0.01320797
-0.01583824
0.01469363
0.008562681
-0.004595498
0.006138276
0.004402522
-0.004426166
0.006186982
0.007522307
-0.01758602
-0.01595378
0.01782989
0.01355893
-0.02472
-0.02376946
0.01008975
0.0215248
0.004212219
-0.00668344
-0.001616004
-0.008017736
-0.01899319
-0.01406601
-0.005461191
-0.01332085
-0.02384802
-0.0002472774
0.01841671
-0.004271693
-0.006396212
0.01761999
0.001050684
-0.02315515
0.00275898
0.02216625
-0.004090011
-0.006810349
0.0142896
-0.006637171
-0.02536109
0.005233028
0.02400341
0.004989719
-0.01289709
-0.006761279
0.006299769
-0.002791755
-0.02074987
-0.01250641
0.009231118
0.009408816
0.002576616
0.0152828
0.01982122
-0.005296046
-0.01308354
0.01615378
0.01243035
-0.02535068
-0.016087
0.01726673
0.01253658
0.005819633
0.01275831
-0.008442642
-0.02644083
-0.00157971
0.0161971
-0.001374236
-0.01311496
-0.00909208
-0.002979517
0.007607357
0.008011233
-0.002678785
-0.003251108
-0.002087558
-0.01604325
-0.02235766
-0.01086764
-0.003512837
-0.0005501779
0.005536738
-0.0003179728
-0.01740705
-0.01116496
0.01148347
0.01100815
0.002932851
0.01670434
0.02796505
0.007545114
-0.01897047
-0.007548539
0.01583065
0.005723995
-0.001303762
0.01683715
0.01088551
-0.01206181
-0.003917722
0.01010341
-0.004290645
-0.01152863
-0.001062215
-0.01064485
-0.01926714
-0.006288409
-0.0001525699
-0.001001195
-0.007163662
-0.00265039
0.004590144
0.0004175673
-0.003354812
0.0001803167
-0.0001215871
-0.004696723
-0.003998897
-0.0004201895
-0.0001054326
-0.001382349
-0.001751144
3.222356e-05
0.0003180135
-0.0003172527
-0.001762501
-0.002441972
-0.001708755
0.0002379952
0.002472375
-0.001234449
-0.004950392
0.002574107
0.006619914
-0.001492592
-0.007044522
-0.0005614223
0.004529617
-0.002711231
-0.007143688
-0.003008949
0.0005898049
-0.001069687
-0.003372664
-0.003320991
-0.001248954
-0.000438086
-0.003438159
-0.005850915
-0.002883758
0.001632009
0.002090505
0.0004983571
-0.001144917
-0.003413081
-0.004888037
-0.004056434
-0.0008912845
0.0007403661
-0.0007941763
-0.0009553705
0.001697044
-6.800027e-05
-0.004690544
-0.003459016
-7.56003e-05
-0.002327536
-0.00282308
0.001524183
0.0009111288
-0.003099121
-0.005107157
-0.002369396
-0.0009098853
-0.001057319
-0.004718787
-0.008779316
-0.001136628
0.005629735
-0.001829604
-0.008079369
0.0008870883
0.005213002
-0.003204281
-0.006122428
0.0009645079
0.004670025
0.003839718
6.729191e-05
-0.004672163
-0.004314075
0.001567833
0.004313263
-0.0005528923
-0.004307961
0.0003082992
0.007274385
0.003974561
-0.001518761
-0.0009999035
0.000446561
0.001546968
0.0008158247
-0.0009062731
0.0007217442
0.001880776
-0.001225884
-0.003933086
-0.003014636
-0.001187292
0.001944554
0.0020127
-0.0010589
0.000863268
0.001229273
-0.0035848
-0.002143935
0.003295432
0.001237733
-0.002318293
-0.0001449455
0.003562579
0.002946096
0.001259623
0.000453994
-0.004065659
-0.005942968
0.0007304308
0.006308069
0.001699306
-0.006639947
-0.009410082
-0.03703583
-0.07569226
0.01239352
0.1684678
0.1051435
-0.07363864
-0.04495576
0.05538192
-0.01961006
-0.1101548
-0.03490183
0.06438782
0.04523386
-0.0288142
-0.04370592
0.002127278
0.0239186
0.000416235
-0.03304599
-0.03492959
0.001929305
0.0118138
-0.01782378
-0.004912331
0.02871086
0.0101013
-0.01217862
0.01347883
0.02539383
-0.01170031
-0.01448411
0.02986764
0.02716289
-0.01515644
-0.009450555
0.02855364
0.02136039
-0.003389676
0.01170339
0.02871287
0.003866186
-0.01684995
0.005171633
0.02179052
-0.001057475
-0.0173268
-0.004970582
-0.001281086
-0.009406669
-0.007056502
-0.01017607
-0.01817224
-0.01250313
-0.008830396
-0.0110434
-0.007517281
-0.007199089
-0.01307801
-0.008250591
0.006102068
0.007750568
-0.003035479
-0.009769888
-0.003631695
0.00477571
0.002078119
-0.002456854
0.002238424
0.007652143
0.003955147
0.004104461
0.01155236
0.009880423
0.003458359
0.007820888
0.01074698
0.003369152
0.002098423
0.009480855
0.008995215
0.004213919
0.005011541
0.004666428
-0.0001866863
0.001331955
0.005583609
0.0009080934
-0.003234967
0.004298209
0.01039505
0.0006158202
-0.0058403
0.003405496
0.006587996
-0.003677728
-0.006920099
-0.001985036
-0.003490822
-0.008843445
-0.00500897
-0.001710967
-0.002270542
0.00201135
0.001638441
-0.007500112
-0.007497827
-0.001832241
-0.00511626
-0.006430659
0.0003083932
-0.0005545403
-0.009951523
-0.008457271
-0.001620255
-0.002416833
-0.001956344
-0.0004007608
-0.004128082
-0.007040004
-0.008035911
-0.009245062
-0.006150232
0.000269992
0.002525695
-0.002659441
-0.004179458
-0.00377116
-0.004911417
-0.001567662
0.005402901
0.005543283
-0.002538289
-0.004523467
0.0009401674
0.003484476
-0.002011164
-0.008657049
-0.005985499
0.006669978
0.01071676
0.0007892999
-0.003854954
0.002119401
0.005326113
-0.003799082
-0.008680416
-0.0006340401
0.004111969
-6.660036e-05
-0.001330081
0.001560146
0.001429933
-0.001849542
-0.006431291
-0.00342767
0.002186337
0.002090868
-0.00366632
-0.003674968
0.003299736
0.005525785
-0.001999609
-0.008283361
-0.002150272
0.004363794
-0.00337628
-0.006870568
0.004151413
0.009826343
0.004378091
0.001107984
-0.001955473
-0.004083866
-0.002896312
-0.002698146
-0.002411064
0.0006384195
0.003372078
0.002231957
0.000849677
-0.0001720526
-0.00368867
-0.007621306
-0.004665585
0.002439226
0.0004336148
-0.004419406
0.003841852
0.006704894
-0.004768865
-0.006342111
0.004204869
0.001621066
-0.007629208
-0.005428444
0.0006550037
-3.370701e-05
-0.003238787
-0.003675597
-0.001103615
0.0003258149
0.0002256293
-8.488142e-05
-0.003335985
-0.005557347
-0.003952107
-0.003167021
-0.002034994
0.001850861
0.002116579
-0.002899365
-0.005970045
-0.006657716
-0.006033938
-0.002893725
0.003039768
0.002311532
-0.004635395
0.0006468156
0.01066076
0.003147986
-0.01022362
-0.003068868
0.01017915
0.002517402
-0.007053047
-0.001484482
0.007017887
0.006686222
-0.003108208
-0.007778508
-0.001240761
0.0007405137
-0.006342191
-0.003979461
0.004474543
0.003737734
-0.004770176
-0.009167846
-0.003994404
0.000348489
-0.001597714
-0.004165173
0.0009161982
0.005518652
-0.0004026001
-0.008222873
-0.005759289
0.005385488
0.00986334
0.001643296
-0.003672491
-0.000190225
0.002275789
0.0004335318
-0.001321193
-0.001546334
0.00113525
0.004460332
0.002222703
-0.002505038
-0.0006702787
0.002435668
0.001633847
0.00166182
0.003425279
0.001015854
-0.003026571
-0.001756799
0.000665356
-0.00245487
-0.004600834
0.00094214
0.004066627
0.003118148
0.004238498
0.004375832
0.0032883
0.003174761
0.0009996023
-0.003606407
-0.001899684
0.004955787
0.005145724
-0.0007564582
-0.001067661
0.002163709
0.0005013858
-0.003067869
-0.002026295
0.001298003
0.0005981243
-0.002513752
-0.002807861
0.001290766
0.004393078
4.261879e-05
-0.006895573
-0.005600543
0.002122202
0.001439658
-0.004286459
-0.0008275227
0.006213952
0.00275295
-0.005019793
-0.004267709
0.003196303
0.007589329
-0.00104165
-0.009939161
-0.00142189
0.01443506
0.01123451
-0.005511862
-0.009104066
0.0008866036
0.003560847
-0.005561795
-0.00579833
0.006979778
0.00935439
-0.0008793506
-0.004976437
-0.00166426
-0.001810845
-0.003507779
-0.001317177
-0.0003262185
-4.281279e-05
0.001134211
0.003231909
0.003902905
0.004468493
0.004610396
-0.0008669706
-0.00601141
-0.002718763
-0.001109069
-0.002025607
0.005107408
0.0117677
0.005973834
-0.002211136
-0.004263687
-0.006440971
-0.002555756
0.005555879
0.004561518
-0.001333993
-0.0002220735
0.003782606
0.0008575606
-0.002773503
0.004875156
0.006474625
-0.004792899
-0.007450847
0.005015377
0.006861293
-0.004070986
-0.001662018
0.006382748
0.001098423
-0.006820315
9.139847e-05
0.007688821
0.004032412
0.002795639
0.003965919
0.001843948
0.00309162
0.004993406
-0.004521741
-0.009508827
-0.0001525699
-0.001001195
-0.007163662
-0.00265039
0.004590144
0.0004175673
-0.003354812
0.0001803167
-0.0001215871
-0.004696723
-0.003998897
-0.0004201895
-0.0001054326
-0.001382349
-0.001751144
3.222356e-05
0.0003180135
-0.0003172527
-0.001762501
-0.002441972
-0.001708755
0.0002379952
0.002472375
-0.001234449
-0.004950392
0.002574107
0.006619914
-0.001492592
-0.007044522
-0.0005614223
0.004529617
-0.002711231
-0.007143688
-0.003008949
0.0005898049
-0.001069687
-0.003372664
-0.003320991
-0.001248954
-0.000438086
-0.003438159
-0.005850915
-0.002883758
0.001632009
0.002090505
0.0004983571
-0.001144917
-0.003413081
-0.004888037
-0.004056434
-0.0008912845
0.0007403661
-0.0007941763
-0.0009553705
0.001697044
-6.800027e-05
-0.004690544
-0.003459016
-7.56003e-05
-0.002327536
-0.00282308
0.001524183
0.0009111288
-0.003099121
-0.005107157
-0.002369396
-0.0009098853
-0.001057319
-0.004718787
-0.008779316
-0.001136628
0.005629735
-0.001829604
-0.008079369
0.0008870883
0.005213002
-0.003204281
-0.006122428
0.0009645079
0.004670025
0.003839718
6.729191e-05
-0.004672163
-0.004314075
0.001567833
0.004313263
-0.0005528923
-0.004307961
0.0003082992
0.007274385
0.003974561
-0.001518761
-0.0009999035
0.000446561
0.001546968
0.0008158247
-0.0009062731
0.0007217442
0.001880776
-0.001225884
-0.003933086
-0.003014636
-0.001187292
0.001944554
0.0020127
-0.0010589
0.000863268
0.001229273
-0.0035848
-0.002143935
0.003295432
0.001237733
-0.002318293
-0.0001449455
0.003562579
0.002946096
0.001259623
0.000453994
-0.004065659
-0.005942968
0.0007304308
0.006308069
0.001699306
-0.006639947
-0.009410082
-0.03703583
-0.07569226
0.01239352
0.1684678
0.1051435
-0.07363864
-0.04495576
0.05538192
-0.01961006
-0.1101548
-0.03490183
0.06438782
0.04523386
-0.0288142
-0.04370592
0.002127278
0.0239186
0.000416235
-0.03304599
-0.03492959
0.001929305
0.0118138
-0.01782378
-0.004912331
0.02871086
0.0101013
-0.01217862
0.01347883
0.02539383
-0.01170031
-0.01448411
0.02986764
0.02716289
-0.01515644
-0.009450555
0.02855364
0.02136039
-0.003389676
0.01170339
0.02871287
0.003866186
-0.01684995
0.005171633
0.02179052
-0.001057475
-0.0173268
-0.004970582
-0.001281086
-0.009406669
-0.007056502
-0.01017607
-0.01817224
-0.01250313
-0.008830396
-0.0110434
-0.007517281
-0.007199089
-0.01307801
-0.008250591
0.006102068
0.007750568
-0.003035479
-0.009769888
-0.003631695
0.00477571
0.002078119
-0.002456854
0.002238424